# x, y
8.868980493619495371e-04
4.380266472047817349e-04
7.499427108586403674e-04
3.253907409750084016e-04
2.315364876683211038e-04
6.334014809308592805e-04
4.185210992777881793e-04
5.185804621827243147e-04
2.822188578378138999e-04
3.386128273592608172e-04
3.586430484862266591e-04
4.106390424390273051e-04
2.534722785740859742e-04
3.867337453913918918e-04
3.202158730027161206e-04
4.708144989428524833e-04
3.892507572037655112e-04
9.968651611241641317e-04
5.276369517721641754e-04
4.977942600480826478e-04
5.359918625591879055e-04
6.115443329509939220e-04
4.279523622279649605e-04
3.712121737648427884e-04
6.928553090550045490e-05
2.339546727631975037e-04
3.056648848896570251e-04
4.872801833187400539e-04
5.469906121014804696e-05
2.105446079351808836e-04
1.399911161154049788e-04
2.029786763228085282e-04
9.348729469242684110e-05
1.150032109660534068e-04
8.497691003700189928e-05
1.301805146976306568e-04
9.345515105542080865e-05
1.063547422360891785e-04
6.671777749491466006e-05
9.506732474646787908e-05
1.104911812897725376e-04
7.904247563488218096e-05
1.268942923745755406e-04
9.515266150992439289e-05
1.207147457584694468e-04
4.097494539992315430e-04
4.903450303586274995e-04
8.738046030735831758e-05
8.624661272143902999e-05
1.654244316349707741e-04
2.050657631743885287e-04
1.387372947095259854e-04
1.518961979289643667e-04
1.466179475501185915e-04
1.249587781716560110e-04
1.544344378834612401e-04
5.060960651895823979e-04
9.958299602638763862e-04
1.139590889403966278e-03
9.359198405229273094e-04
1.729110295110195894e-03
9.028300816155572766e-04
4.471199422768314851e-04
2.650306822288303697e-03
1.747593751386052963e-03
2.296428804082551942e-03
1.282949321567301675e-03
1.397918905325001328e-03
7.615963023447565620e-04
3.685486827673184950e-04
3.075622694241662933e-04
1.685906291445165781e-04
1.506341706104008288e-04
2.007991629500310859e-04
2.156671492027150772e-04
7.552612687977842878e-04
2.210248590651055949e-04
7.792434943001449706e-04
2.491831941155812371e-04
1.759145793262532258e-04
2.047851555667281177e-04
1.969722922466087326e-04
2.177583549409749925e-04
2.231992909667154183e-04
2.242643308509910871e-04
2.310208523531042963e-04
2.623889597947531242e-04
2.554793307231940816e-04
2.530890198883853338e-04
2.544045605602664574e-04
2.757426198472353240e-04
2.943993589296841360e-04
2.717721887772492437e-04
2.782150192413006696e-04
2.915113927568947099e-04
2.529858457009777307e-04
2.673262068491697049e-04
2.807167657140736635e-04
3.022198567625467599e-04
2.811294973233252332e-04
2.829904785875444312e-04
2.668089365753086245e-04
2.262747732190831577e-04
1.514024260017005747e-04
2.934939144839308857e-04
1.669474663639201916e-04
2.007415973339040955e-04
1.985038774484121804e-04
1.128115112891375077e-04
3.401185880353548778e-04
8.078664120780489500e-04
3.424323149492543295e-04
9.488747782170461930e-04
1.200158413478434648e-03
8.483095351651073236e-04
4.717345026480292852e-04
3.100005277080626316e-04
3.456584591012254503e-04
3.328837380586371192e-04
3.141409122293459060e-04
3.526308621803079320e-04
3.431369758810829361e-04
1.332172514894598052e-03
1.420028900142940483e-03
3.340251549642737818e-04
